1 0 0
1 0 2
1 0 4
1 0 8
1 0 10
1 0 12
1 2 0
1 2 2
1 2 4
1 2 8
1 2 10
1 2 12
1 4 0
1 4 2
1 4 4
1 4 6
1 4 8
1 4 10
1 4 12
1 6 2
1 6 4
1 6 6
1 6 8
1 6 10
1 8 0
1 8 2
1 8 4
1 8 8
1 8 10
1 8 12
1 10 0
1 10 2
1 10 4
1 10 8
1 10 10
1 10 12
1 12 0
1 12 2
1 12 4
1 12 8
1 12 10
1 12 12
1 14 2
1 14 4
1 14 6
1 14 8
1 14 10
1 16 0
1 16 2
1 16 4
1 16 6
1 16 8
1 16 10
1 16 12
1 18 0
1 18 2
1 18 4
1 18 8
1 18 10
1 18 12
1 20 0
1 20 2
1 20 4
1 20 8
1 20 10
1 20 12
2 4 2
2 4 4
2 4 6
2 4 8
2 4 10
2 6 2
2 6 4
2 6 6
2 6 8
2 6 10
2 8 2
2 8 4
2 8 8
2 8 10
2 10 0
2 10 2
2 10 4
2 10 8
2 10 10
2 10 12
2 12 2
2 12 4
2 12 8
2 12 10
2 14 2
2 14 4
2 14 6
2 14 8
2 14 10
2 16 2
2 16 4
2 16 6
2 16 8
2 16 10
3 4 6
3 6 2
3 6 4
3 6 6
3 6 8
3 6 10
3 8 2
3 8 4
3 8 8
3 8 10
3 10 2
3 10 4
3 10 8
3 10 10
3 12 2
3 12 4
3 12 8
3 12 10
3 14 2
3 14 4
3 14 6
3 14 8
3 14 10
3 16 6
4 6 6
4 8 2
4 8 4
4 8 8
4 8 10
4 10 2
4 10 4
4 10 8
4 10 10
4 12 2
4 12 4
4 12 8
4 12 10
4 14 6
5 10 2
5 10 4
5 10 8
5 10 10
6 10 4
6 10 8