1 0 7
1 2 0
1 2 6
1 2 8
1 2 14
1 4 0
1 4 4
1 4 6
1 4 8
1 4 10
1 4 14
1 6 0
1 6 2
1 6 4
1 6 6
1 6 8
1 6 10
1 6 12
1 6 14
1 8 0
1 8 2
1 8 4
1 8 6
1 8 8
1 8 10
1 8 12
1 8 14
1 10 0
1 10 2
1 10 4
1 10 6
1 10 8
1 10 10
1 10 12
1 10 14
1 12 0
1 12 2
1 12 4
1 12 6
1 12 8
1 12 10
1 12 12
1 12 14
1 14 0
1 14 2
1 14 4
1 14 6
1 14 8
1 14 10
1 14 12
1 14 14
1 16 0
1 16 2
1 16 4
1 16 6
1 16 8
1 16 10
1 16 12
1 16 14
1 18 0
1 18 2
1 18 4
1 18 6
1 18 8
1 18 10
1 18 12
1 18 14
1 20 0
1 20 2
1 20 4
1 20 6
1 20 8
1 20 10
1 20 12
1 20 14
1 22 0
1 22 4
1 22 6
1 22 8
1 22 10
1 22 14
1 24 0
1 24 6
1 24 8
1 24 14
1 26 7
1 28 7
2 8 2
2 8 4
2 8 6
2 8 8
2 8 10
2 8 12
2 10 2
2 10 4
2 10 6
2 10 8
2 10 10
2 10 12
2 12 2
2 12 4
2 12 6
2 12 8
2 12 10
2 12 12
2 14 2
2 14 4
2 14 6
2 14 8
2 14 10
2 14 12
2 16 2
2 16 4
2 16 6
2 16 8
2 16 10
2 16 12
2 18 2
2 18 4
2 18 6
2 18 8
2 18 10
2 18 12
3 10 4
3 10 6
3 10 8
3 10 10
3 12 4
3 12 6
3 12 8
3 12 10
3 14 4
3 14 6
3 14 8
3 14 10
3 16 4
3 16 6
3 16 8
3 16 10
4 12 6
4 12 8
4 14 6
4 14 8
5 13 7